Maafinn 93 502 82 33.04537109887228 
 Zheschukpolisha 252 1081 480 9.660722552910054 
 Whyshyme_any 284 804 300 7.587042253521127 
 Dzhekkqa 3 25 29 7.183908045977011 
 elisavetaaaaa 111 445 278 6.417298593557587 
 Luckylsd 16 93 86 6.285610465116279 
 Alenakhobta 150 484 250 6.246826666666666 
 Ann_yal 3 36 71 6.084507042253521 
 Lilyashanzi 17 59 39 5.250377073906486 
 Ishniyazik 88 202 95 4.880861244019139 
 Tatyananana18 39 93 46 4.821070234113712 
 Nastenkaaa17 13 77 92 4.957357859531773 
 Joviinc 1 7 13 3.769230769230769 
 Anastasia_per_ 130 345 253 3.6188811188811187 
 Kgavrilovaa 33 150 190 3.588516746411483 
 Milasha__masha 24 62 47 3.4078014184397163 
 Dahlia_matur 24 86 99 3.112794612794613 
 Anya_kaa 66 143 101 3.067656765676568 
 Maria_tima 31 101 112 2.9380760368663594 
 Dariasaava 76 132 87 2.635208711433757 
 Zarardes 16 47 57 2.4221491228070176 
 Shionshi007 56 85 57 2.263471177944862 
 Alexandra33333 183 465 530 2.229353541602227 
 Katya_sn1 162 267 200 2.200277777777778 
 Letzimaa 197 323 248 2.135438840674636 
 Art_zanchar 312 322 162 2.0513611902500792 
 Dianaa_dn 88 160 148 1.9656019656019657 
 Plovchik18 59 80 68 1.5952143569292123 
 Kamilekg 135 125 68 1.7020697167755992 
 R_ayzerman 156 221 198 1.5812289562289563 
 Gavrilovakatyaa 139 208 196 1.5880193804140361 
 Garipovaelia 128 169 154 1.4489143668831168 
 Finnfinnfinnegan 51 59 46 1.4838022165387894 
 Sonyasonya30 53 90 119 1.2842872998255905 
 Lizaapush 173 210 188 1.3559217808387651 
 Ilushailya 277 242 163 1.2970698323403689 
 Marimeri98 121 107 75 1.2615977961432507 
 Sokchik 188 131 72 1.2678043735224587 
 Pashamalkov 397 285 168 1.2178391507736597 
 Polinaberezkaa 247 216 155 1.218649601671673 
 Whennaturecalling 18 41 85 1.0986928104575164 
 Nelik_min 221 311 427 1.0249451609143028 
 Xxxtozzz 20 34 61 0.9475409836065574 
 Gorniykit 18 15 14 0.8928571428571429 
 Katiechowder 522 243 133 0.8505315011667098 
 Kurepovamasha 654 341 275 0.6465443425076453 
 Deardariia 1577 629 420 0.5973382250807743 
 Lalalaedinorog13 28 49 167 0.5134730538922155 
 Evgeniaach 279 199 294 0.48278594591958646 
 Sporim_na_sotku 289 89 64 0.4282547577854671 
 _paalina_ 299 68 41 0.37719226690594665 
 Ostasha__ 458 103 86 0.2693459937036661 
 karinafeofilova 38 144 118 4.624442462087422 
 gdalil 6 42 109 2.697247706422018 
 sashachirkova 109 128 99 1.5183022889444908 
 yanvetsler 45 320 239 9.521152952115296 
 nika_nikolaevaa 153 2356 334 108.62071934562248 
 kolpakova_sasha 679 398 297 0.7854886617773216 
 vlad28 240 180 103 1.3106796116504855 
 danilchurakow 42 111 97 3.024300441826215 
 nikolskiyvlad 12 89 93 7.097670250896058 
 tema_deriglazov 22 83 91 3.441058941058941 
 kaishev1 110 426 454 3.6338806567881456 
 _arisha3108_ 41 135 82 5.420880428316479 
 valeeva_14 189 274 133 2.9866730317858137 
 arina_pozolotina 44 212 115 8.882213438735178 
 valishinamaria 131 874 224 26.031761177753545 
 romatatarskikh 39 125 110 3.6421911421911424 
 makcmix 0 13 22 0 
 abramaww 63 618 449 13.501749920458161 
 cem0fan 11 27 34 1.9491978609625669 
 liz_borodina 177 247 98 3.5171797532572353 
 ksyusha_vydrina 309 456 179 3.759396864999729 
 maria_30_10 418 81 38 0.41305716444220597 
 nancykon 132 448 295 5.154185927067283 
 filippfefilov 874 411 409 0.47255123564199114 
 grigorieeva 28 173 124 8.620103686635945 
 nataly_dementieva 182 1038 519 11.406593406593407 
 nastyaapro 488 303 261 0.7208168456755228 
 anetlw 68 339 244 6.926289778206365 
 milyakhazieva 48 207 155 5.759274193548387 
 dashachernova 385 517 449 1.546229716831053 
 gurov_dima 176 151 99 1.3085973370064279 
 