Maafinn
93
502
81
33.4533386433028
Zheschukpolisha
252
1079
480
9.625008267195767
Whyshyme_any
284
804
300
7.587042253521127
Dzhekkqa
3
25
29
7.183908045977011
elisavetaaaaa
111
445
278
6.417298593557587
Luckylsd
16
93
86
6.285610465116279
Alenakhobta
150
484
250
6.246826666666666
Ann_yal
3
36
71
6.084507042253521
Lilyashanzi
17
59
39
5.250377073906486
Ishniyazik
88
203
95
4.929306220095694
Tatyananana18
39
94
46
4.925306577480491
Nastenkaaa17
13
77
92
4.957357859531773
Joviinc
1
7
13
3.769230769230769
Anastasia_per_
130
345
253
3.6188811188811187
Kgavrilovaa
33
150
190
3.588516746411483
Milasha__masha
24
62
47
3.4078014184397163
Dahlia_matur
24
86
99
3.112794612794613
Anya_kaa
66
144
101
3.1107110711071106
Maria_tima
31
101
112
2.9380760368663594
Dariasaava
76
132
87
2.635208711433757
Zarardes
16
47
57
2.4221491228070176
Shionshi007
56
85
57
2.263471177944862
Alexandra33333
183
465
530
2.229353541602227
Katya_sn1
162
267
200
2.200277777777778
Letzimaa
197
323
248
2.135438840674636
Art_zanchar
312
322
162
2.0513611902500792
Dianaa_dn
88
160
148
1.9656019656019657
Plovchik18
59
80
68
1.5952143569292123
Kamilekg
135
126
68
1.7294117647058824
R_ayzerman
156
221
198
1.5812289562289563
Gavrilovakatyaa
139
208
196
1.5880193804140361
Garipovaelia
128
169
154
1.4489143668831168
Finnfinnfinnegan
51
59
46
1.4838022165387894
Sonyasonya30
53
90
119
1.2842872998255905
Lizaapush
173
210
188
1.3559217808387651
Ilushailya
277
242
163
1.2970698323403689
Marimeri98
121
107
75
1.2615977961432507
Sokchik
188
131
72
1.2678043735224587
Pashamalkov
397
285
168
1.2178391507736597
Polinaberezkaa
247
216
154
1.226562910773437
Whennaturecalling
18
41
85
1.0986928104575164
Nelik_min
221
311
427
1.0249451609143028
Xxxtozzz
20
34
61
0.9475409836065574
Gorniykit
18
15
14
0.8928571428571429
Katiechowder
522
243
133
0.8505315011667098
Kurepovamasha
654
341
275
0.6465443425076453
Deardariia
1577
629
420
0.5973382250807743
Lalalaedinorog13
28
49
167
0.5134730538922155
Evgeniaach
279
200
294
0.4876502572355107
Sporim_na_sotku
289
89
64
0.4282547577854671
_paalina_
299
68
41
0.37719226690594665
Ostasha__
458
103
86
0.2693459937036661
karinafeofilova
38
144
117
4.663967611336032
gdalil
6
42
109
2.697247706422018
sashachirkova
109
128
99
1.5183022889444908
yanvetsler
45
320
239
9.521152952115296
nika_nikolaevaa
153
2355
334
108.52853117294822
kolpakova_sasha
679
399
297
0.7894407997500781
vlad28
240
180
103
1.3106796116504855
danilchurakow
42
111
97
3.024300441826215
nikolskiyvlad
12
89
93
7.097670250896058
tema_deriglazov
22
83
91
3.441058941058941
kaishev1
110
426
454
3.6338806567881456
_arisha3108_
41
135
82
5.420880428316479
valeeva_14
189
275
133
3.0085133468592113
arina_pozolotina
44
211
115
8.798616600790513
valishinamaria
130
875
224
26.292067307692307
romatatarskikh
39
125
110
3.6421911421911424
